# system name 
# number of deep traps, shallow traps near vb, cb 
# deep trap energy range, energy width, energy away from optical HOMO, LUMO 
# shallow traps near vb energy range, energy width, energy away from optical HOMO 
# shallow traps near cb energy range, energy width, energy away from optical LUMO 
# average localization with definition 1 for vb, cb, and deep trap states 
# wavefunction localization with definition 1 for occupied states 
# wavefunction localization with definition 1 for unoccupied states 
# spacial trap mask based on wfn loc def1 for occupied states 
# spacial trap mask based on wfn loc def1 for unoccupied states 

Pb92S79I22.lb-0.985-1.025-1.000.cf-1
0  1  0 
0.000  0.000  0.000  0.000  0.000 
-5.441  -5.441  0.000  -0.046 
0.000  0.000  0.000  0.000 
0.152  0.127  0.000 
0.000 0.000 0.143 0.120 0.150 0.155 0.156 0.138 0.163 0.131 0.195 0.197 0.169 0.252 0.194 0.221 0.335 0.117 0.126 0.135 0.108
0.151 0.105 0.000 0.000 0.000 0.000 0.000 0.000 0.000 0.000 0.000 0.000 0.000 0.000 0.000 0.000 0.000 0.000 0.000
0 0 0 0 0 0 0 0 0 0 0 0 0 0 0 0 1 0 0 0 0
0 0 0 0 0 0 0 0 0 0 0 0 0 0 0 0 0 0 0

Pb92S79I22.lb-0.985-1.025-1.000.cf-2
0  4  0 
0.000  0.000  0.000  0.000  0.000 
-5.267  -4.992  0.275  0.254 
0.000  0.000  0.000  0.000 
0.620  0.115  0.000 
0.000 0.000 0.000 0.000 0.000 0.000 0.000 0.000 0.000 0.000 0.000 0.000 0.000 0.000 0.316 0.273 0.389 0.381 0.620 0.102 0.138
0.117 0.135 0.000 0.000 0.000 0.000 0.000 0.000 0.000 0.000 0.000 0.000 0.000 0.000 0.000 0.000 0.000 0.000 0.000
0 0 0 0 0 0 0 0 0 0 0 0 0 0 1 0 1 1 1 0 0
0 0 0 0 0 0 0 0 0 0 0 0 0 0 0 0 0 0 0

Pb92S79I22.lb-0.985-1.025-1.000.cf-3
0  3  0 
0.000  0.000  0.000  0.000  0.000 
-5.489  -5.231  0.258  0.051 
0.000  0.000  0.000  0.000 
0.449  0.133  0.000 
0.000 0.000 0.000 0.000 0.000 0.000 0.000 0.200 0.187 0.379 0.276 0.260 0.137 0.192 0.176 0.431 0.296 0.264 0.484 0.138 0.113
0.121 0.133 0.000 0.000 0.000 0.000 0.000 0.000 0.000 0.000 0.000 0.000 0.000 0.000 0.000 0.000 0.000 0.000 0.000
0 0 0 0 0 0 0 0 0 1 0 0 0 0 0 1 0 0 1 0 0
0 0 0 0 0 0 0 0 0 0 0 0 0 0 0 0 0 0 0

Pb92S79I22.lb-0.985-1.025-1.000.cf-4
0  2  0 
0.000  0.000  0.000  0.000  0.000 
-5.443  -5.298  0.146  0.031 
0.000  0.000  0.000  0.000 
0.303  0.122  0.000 
0.000 0.000 0.000 0.000 0.233 0.159 0.232 0.197 0.243 0.183 0.217 0.187 0.193 0.385 0.254 0.211 0.222 0.277 0.329 0.116 0.144
0.093 0.118 0.000 0.000 0.000 0.000 0.000 0.000 0.000 0.000 0.000 0.000 0.000 0.000 0.000 0.000 0.000 0.000 0.000
0 0 0 0 0 0 0 0 0 0 0 0 0 1 0 0 0 0 1 0 0
0 0 0 0 0 0 0 0 0 0 0 0 0 0 0 0 0 0 0

Pb92S79I22.lb-0.985-1.025-1.000.cf-5
0  0  0 
0.000  0.000  0.000  0.000  0.000 
0.000  0.000  0.000  0.000 
0.000  0.000  0.000  0.000 
0.126  0.138  0.000 
0.000 0.000 0.000 0.000 0.000 0.183 0.166 0.166 0.144 0.144 0.149 0.136 0.270 0.165 0.200 0.175 0.139 0.121 0.125 0.136 0.153
0.105 0.140 0.000 0.000 0.000 0.000 0.000 0.000 0.000 0.000 0.000 0.000 0.000 0.000 0.000 0.000 0.000 0.000 0.000
0 0 0 0 0 0 0 0 0 0 0 0 0 0 0 0 0 0 0 0 0
0 0 0 0 0 0 0 0 0 0 0 0 0 0 0 0 0 0 0

Pb92S79I22.lb-0.985-1.025-1.000.cf-6
4  0  0 
-4.245  -4.084  0.161  1.150  0.270 
0.000  0.000  0.000  0.000 
0.000  0.000  0.000  0.000 
0.122  0.159  0.144 
0.000 0.000 0.210 0.130 0.142 0.128 0.145 0.140 0.142 0.127 0.218 0.209 0.145 0.306 0.158 0.212 0.142 0.119 0.115 0.196 0.133
0.113 0.134 0.194 0.112 0.107 0.084 0.105 0.089 0.131 0.105 0.089 0.107 0.096 0.096 0.000 0.000 0.000 0.000 0.000
0 0 0 0 0 0 0 0 0 0 0 0 0 0 0 0 0 0 0 1 0
0 0 0 0 0 0 0 0 0 0 0 0 0 0 0 0 0 0 0

Pb92S79I22.lb-0.985-1.025-1.000.cf-7
0  0  0 
0.000  0.000  0.000  0.000  0.000 
0.000  0.000  0.000  0.000 
0.000  0.000  0.000  0.000 
0.144  0.137  0.000 
0.000 0.168 0.151 0.142 0.120 0.146 0.133 0.140 0.127 0.135 0.175 0.272 0.115 0.148 0.200 0.156 0.140 0.148 0.143 0.150 0.110
0.090 0.116 0.000 0.000 0.000 0.000 0.000 0.000 0.000 0.000 0.000 0.000 0.000 0.000 0.000 0.000 0.000 0.000 0.000
0 0 0 0 0 0 0 0 0 0 0 0 0 0 0 0 0 0 0 0 0
0 0 0 0 0 0 0 0 0 0 0 0 0 0 0 0 0 0 0

Pb92S79I22.lb-0.985-1.025-1.000.cf-8
0  3  0 
0.000  0.000  0.000  0.000  0.000 
-5.350  -5.087  0.262  0.131 
0.000  0.000  0.000  0.000 
0.432  0.136  0.000 
0.000 0.000 0.000 0.000 0.000 0.000 0.000 0.000 0.000 0.000 0.000 0.000 0.138 0.376 0.133 0.392 0.127 0.127 0.120 0.435 0.137
0.108 0.105 0.118 0.000 0.000 0.000 0.000 0.000 0.000 0.000 0.000 0.000 0.000 0.000 0.000 0.000 0.000 0.000 0.000
0 0 0 0 0 0 0 0 0 0 0 0 0 1 0 1 0 0 0 1 0
0 0 0 0 0 0 0 0 0 0 0 0 0 0 0 0 0 0 0

Pb92S79I22.lb-0.985-1.025-1.000.cf-9
0  0  0 
0.000  0.000  0.000  0.000  0.000 
0.000  0.000  0.000  0.000 
0.000  0.000  0.000  0.000 
0.149  0.131  0.000 
0.000 0.000 0.000 0.158 0.138 0.169 0.161 0.129 0.195 0.159 0.175 0.162 0.284 0.164 0.128 0.297 0.207 0.119 0.140 0.136 0.103
0.110 0.108 0.000 0.000 0.000 0.000 0.000 0.000 0.000 0.000 0.000 0.000 0.000 0.000 0.000 0.000 0.000 0.000 0.000
0 0 0 0 0 0 0 0 0 0 0 0 0 0 0 0 0 0 0 0 0
0 0 0 0 0 0 0 0 0 0 0 0 0 0 0 0 0 0 0

Pb92S79I22.lb-0.985-1.025-1.000.cf-10
0  3  0 
0.000  0.000  0.000  0.000  0.000 
-5.503  -5.338  0.165  -0.056 
0.000  0.000  0.000  0.000 
0.216  0.143  0.000 
0.000 0.000 0.151 0.273 0.273 0.230 0.156 0.177 0.362 0.407 0.249 0.207 0.273 0.206 0.292 0.204 0.422 0.138 0.205 0.144 0.127
0.152 0.107 0.000 0.000 0.000 0.000 0.000 0.000 0.000 0.000 0.000 0.000 0.000 0.000 0.000 0.000 0.000 0.000 0.000
0 0 0 0 0 0 0 0 1 1 0 0 0 0 0 0 1 0 0 0 0
0 0 0 0 0 0 0 0 0 0 0 0 0 0 0 0 0 0 0

Pb92S79I22.lb-0.985-1.025-1.000.cf-11
0  4  0 
0.000  0.000  0.000  0.000  0.000 
-5.595  -5.319  0.276  0.100 
0.000  0.000  0.000  0.000 
0.572  0.132  0.000 
0.000 0.000 0.000 0.000 0.000 0.000 0.000 0.000 0.000 0.000 0.297 0.363 0.187 0.297 0.285 0.167 0.402 0.327 0.616 0.129 0.138
0.107 0.095 0.000 0.000 0.000 0.000 0.000 0.000 0.000 0.000 0.000 0.000 0.000 0.000 0.000 0.000 0.000 0.000 0.000
0 0 0 0 0 0 0 0 0 0 0 1 0 0 0 0 1 1 1 0 0
0 0 0 0 0 0 0 0 0 0 0 0 0 0 0 0 0 0 0

Pb92S79I22.lb-0.985-1.025-1.000.cf-12
0  0  0 
0.000  0.000  0.000  0.000  0.000 
0.000  0.000  0.000  0.000 
0.000  0.000  0.000  0.000 
0.156  0.125  0.000 
0.000 0.000 0.000 0.170 0.151 0.117 0.164 0.148 0.234 0.203 0.196 0.157 0.145 0.195 0.176 0.164 0.145 0.145 0.159 0.123 0.150
0.154 0.114 0.000 0.000 0.000 0.000 0.000 0.000 0.000 0.000 0.000 0.000 0.000 0.000 0.000 0.000 0.000 0.000 0.000
0 0 0 0 0 0 0 0 0 0 0 0 0 0 0 0 0 0 0 0 0
0 0 0 0 0 0 0 0 0 0 0 0 0 0 0 0 0 0 0

Pb92S79I22.lb-0.985-1.025-1.000.cf-13
1  3  0 
-5.039  -5.039  0.000  0.219  1.019 
-5.537  -5.295  0.243  -0.037 
0.000  0.000  0.000  0.000 
0.210  0.144  0.475 
0.000 0.000 0.000 0.398 0.134 0.176 0.186 0.146 0.182 0.171 0.274 0.353 0.167 0.172 0.175 0.138 0.555 0.167 0.148 0.475 0.144
0.144 0.117 0.110 0.000 0.000 0.000 0.000 0.000 0.000 0.000 0.000 0.000 0.000 0.000 0.000 0.000 0.000 0.000 0.000
0 0 0 1 0 0 0 0 0 0 0 1 0 0 0 0 1 0 0 1 0
0 0 0 0 0 0 0 0 0 0 0 0 0 0 0 0 0 0 0

Pb92S79I22.lb-0.985-1.025-1.000.cf-14
0  1  0 
0.000  0.000  0.000  0.000  0.000 
-5.423  -5.423  0.000  -0.145 
0.000  0.000  0.000  0.000 
0.119  0.138  0.000 
0.000 0.000 0.000 0.128 0.136 0.155 0.157 0.125 0.141 0.147 0.159 0.166 0.250 0.150 0.318 0.155 0.118 0.119 0.118 0.132 0.157
0.114 0.097 0.000 0.000 0.000 0.000 0.000 0.000 0.000 0.000 0.000 0.000 0.000 0.000 0.000 0.000 0.000 0.000 0.000
0 0 0 0 0 0 0 0 0 0 0 0 0 0 1 0 0 0 0 0 0
0 0 0 0 0 0 0 0 0 0 0 0 0 0 0 0 0 0 0

Pb92S79I22.lb-0.985-1.025-1.000.cf-15
0  0  0 
0.000  0.000  0.000  0.000  0.000 
0.000  0.000  0.000  0.000 
0.000  0.000  0.000  0.000 
0.136  0.109  0.000 
0.000 0.000 0.148 0.133 0.127 0.131 0.137 0.140 0.135 0.160 0.196 0.196 0.150 0.138 0.155 0.122 0.136 0.148 0.127 0.107 0.120
0.090 0.111 0.000 0.000 0.000 0.000 0.000 0.000 0.000 0.000 0.000 0.000 0.000 0.000 0.000 0.000 0.000 0.000 0.000
0 0 0 0 0 0 0 0 0 0 0 0 0 0 0 0 0 0 0 0 0
0 0 0 0 0 0 0 0 0 0 0 0 0 0 0 0 0 0 0

Pb92S79I22.lb-0.985-1.025-1.000.cf-16
0  1  0 
0.000  0.000  0.000  0.000  0.000 
-5.422  -5.422  0.000  -0.199 
0.000  0.000  0.000  0.000 
0.183  0.149  0.000 
0.000 0.000 0.000 0.190 0.251 0.229 0.174 0.267 0.190 0.302 0.246 0.310 0.169 0.225 0.174 0.281 0.137 0.154 0.191 0.149 0.147
0.113 0.122 0.000 0.000 0.000 0.000 0.000 0.000 0.000 0.000 0.000 0.000 0.000 0.000 0.000 0.000 0.000 0.000 0.000
0 0 0 0 0 0 0 0 0 0 0 1 0 0 0 0 0 0 0 0 0
0 0 0 0 0 0 0 0 0 0 0 0 0 0 0 0 0 0 0

Pb92S79I22.lb-0.985-1.025-1.000.cf-17
0  0  1 
0.000  0.000  0.000  0.000  0.000 
0.000  0.000  0.000  0.000 
-4.256  -4.256  0.000  0.213 
0.143  0.207  0.000 
0.000 0.000 0.000 0.000 0.000 0.134 0.144 0.125 0.165 0.137 0.129 0.201 0.304 0.131 0.177 0.140 0.152 0.127 0.149 0.209 0.120
0.116 0.111 0.000 0.000 0.000 0.000 0.000 0.000 0.000 0.000 0.000 0.000 0.000 0.000 0.000 0.000 0.000 0.000 0.000
0 0 0 0 0 0 0 0 0 0 0 0 0 0 0 0 0 0 0 1 0
0 0 0 0 0 0 0 0 0 0 0 0 0 0 0 0 0 0 0

Pb92S79I22.lb-0.985-1.025-1.000.cf-18
0  5  0 
0.000  0.000  0.000  0.000  0.000 
-5.525  -5.282  0.244  -0.038 
0.000  0.000  0.000  0.000 
0.297  0.142  0.000 
0.000 0.000 0.000 0.000 0.000 0.000 0.000 0.000 0.000 0.439 0.173 0.450 0.211 0.422 0.210 0.266 0.372 0.496 0.247 0.139 0.155
0.153 0.113 0.000 0.000 0.000 0.000 0.000 0.000 0.000 0.000 0.000 0.000 0.000 0.000 0.000 0.000 0.000 0.000 0.000
0 0 0 0 0 0 0 0 0 1 0 1 0 1 0 0 1 1 0 0 0
0 0 0 0 0 0 0 0 0 0 0 0 0 0 0 0 0 0 0

Pb92S79I22.lb-0.985-1.025-1.000.cf-19
0  3  0 
0.000  0.000  0.000  0.000  0.000 
-5.403  -5.284  0.118  0.140 
0.000  0.000  0.000  0.000 
0.613  0.124  0.000 
0.000 0.000 0.000 0.000 0.000 0.000 0.000 0.000 0.000 0.000 0.000 0.000 0.177 0.240 0.283 0.182 0.444 0.345 0.623 0.123 0.132
0.108 0.109 0.000 0.000 0.000 0.000 0.000 0.000 0.000 0.000 0.000 0.000 0.000 0.000 0.000 0.000 0.000 0.000 0.000
0 0 0 0 0 0 0 0 0 0 0 0 0 0 0 0 1 1 1 0 0
0 0 0 0 0 0 0 0 0 0 0 0 0 0 0 0 0 0 0

Pb92S79I22.lb-0.985-1.025-1.000.cf-20
0  0  0 
0.000  0.000  0.000  0.000  0.000 
0.000  0.000  0.000  0.000 
0.000  0.000  0.000  0.000 
0.126  0.105  0.000 
0.000 0.122 0.129 0.135 0.144 0.138 0.253 0.205 0.129 0.138 0.166 0.120 0.157 0.248 0.165 0.136 0.130 0.140 0.119 0.099 0.133
0.118 0.112 0.000 0.000 0.000 0.000 0.000 0.000 0.000 0.000 0.000 0.000 0.000 0.000 0.000 0.000 0.000 0.000 0.000
0 0 0 0 0 0 0 0 0 0 0 0 0 0 0 0 0 0 0 0 0
0 0 0 0 0 0 0 0 0 0 0 0 0 0 0 0 0 0 0

Pb92S79I22.lb-0.985-1.025-1.000.cf-21
0  0  0 
0.000  0.000  0.000  0.000  0.000 
0.000  0.000  0.000  0.000 
0.000  0.000  0.000  0.000 
0.129  0.138  0.000 
0.000 0.000 0.119 0.144 0.122 0.154 0.127 0.201 0.151 0.144 0.144 0.164 0.292 0.128 0.121 0.160 0.137 0.125 0.129 0.139 0.121
0.122 0.090 0.000 0.000 0.000 0.000 0.000 0.000 0.000 0.000 0.000 0.000 0.000 0.000 0.000 0.000 0.000 0.000 0.000
0 0 0 0 0 0 0 0 0 0 0 0 0 0 0 0 0 0 0 0 0
0 0 0 0 0 0 0 0 0 0 0 0 0 0 0 0 0 0 0

Pb92S79I22.lb-0.985-1.025-1.000.cf-22
0  0  1 
0.000  0.000  0.000  0.000  0.000 
0.000  0.000  0.000  0.000 
-4.240  -4.240  0.000  0.241 
0.212  0.224  0.000 
0.000 0.000 0.000 0.000 0.000 0.000 0.000 0.000 0.129 0.137 0.181 0.154 0.169 0.185 0.161 0.157 0.145 0.191 0.219 0.229 0.112
0.100 0.128 0.000 0.000 0.000 0.000 0.000 0.000 0.000 0.000 0.000 0.000 0.000 0.000 0.000 0.000 0.000 0.000 0.000
0 0 0 0 0 0 0 0 0 0 0 0 0 0 0 0 0 0 0 1 0
0 0 0 0 0 0 0 0 0 0 0 0 0 0 0 0 0 0 0

Pb92S79I22.lb-0.985-1.025-1.000.cf-23
0  0  0 
0.000  0.000  0.000  0.000  0.000 
0.000  0.000  0.000  0.000 
0.000  0.000  0.000  0.000 
0.125  0.125  0.000 
0.000 0.000 0.000 0.123 0.147 0.133 0.166 0.119 0.114 0.122 0.141 0.268 0.140 0.134 0.176 0.139 0.109 0.132 0.125 0.103 0.171
0.122 0.131 0.000 0.000 0.000 0.000 0.000 0.000 0.000 0.000 0.000 0.000 0.000 0.000 0.000 0.000 0.000 0.000 0.000
0 0 0 0 0 0 0 0 0 0 0 0 0 0 0 0 0 0 0 0 0
0 0 0 0 0 0 0 0 0 0 0 0 0 0 0 0 0 0 0

Pb92S79I22.lb-0.985-1.025-1.000.cf-24
0  6  0 
0.000  0.000  0.000  0.000  0.000 
-5.521  -5.260  0.261  0.062 
0.000  0.000  0.000  0.000 
0.332  0.133  0.000 
0.000 0.000 0.000 0.000 0.000 0.000 0.157 0.241 0.178 0.317 0.279 0.316 0.206 0.232 0.514 0.328 0.256 0.369 0.327 0.130 0.158
0.102 0.151 0.000 0.000 0.000 0.000 0.000 0.000 0.000 0.000 0.000 0.000 0.000 0.000 0.000 0.000 0.000 0.000 0.000
0 0 0 0 0 0 0 0 0 1 0 1 0 0 1 1 0 1 1 0 0
0 0 0 0 0 0 0 0 0 0 0 0 0 0 0 0 0 0 0

Pb92S79I22.lb-0.985-1.025-1.000.cf-25
0  2  0 
0.000  0.000  0.000  0.000  0.000 
-5.513  -5.411  0.102  -0.169 
0.000  0.000  0.000  0.000 
0.167  0.164  0.000 
0.000 0.000 0.000 0.000 0.000 0.000 0.185 0.389 0.179 0.134 0.190 0.167 0.151 0.190 0.172 0.478 0.141 0.149 0.170 0.194 0.118
0.113 0.122 0.000 0.000 0.000 0.000 0.000 0.000 0.000 0.000 0.000 0.000 0.000 0.000 0.000 0.000 0.000 0.000 0.000
0 0 0 0 0 0 0 1 0 0 0 0 0 0 0 1 0 0 0 0 0
0 0 0 0 0 0 0 0 0 0 0 0 0 0 0 0 0 0 0

Pb92S79I22.lb-0.985-1.025-1.000.cf-26
0  0  0 
0.000  0.000  0.000  0.000  0.000 
0.000  0.000  0.000  0.000 
0.000  0.000  0.000  0.000 
0.114  0.112  0.000 
0.000 0.000 0.000 0.138 0.125 0.132 0.126 0.130 0.114 0.233 0.182 0.212 0.127 0.167 0.195 0.120 0.113 0.126 0.107 0.111 0.137
0.107 0.110 0.000 0.000 0.000 0.000 0.000 0.000 0.000 0.000 0.000 0.000 0.000 0.000 0.000 0.000 0.000 0.000 0.000
0 0 0 0 0 0 0 0 0 0 0 0 0 0 0 0 0 0 0 0 0
0 0 0 0 0 0 0 0 0 0 0 0 0 0 0 0 0 0 0

Pb92S79I22.lb-0.985-1.025-1.000.cf-27
1  0  0 
-4.435  -4.435  0.000  0.829  0.478 
0.000  0.000  0.000  0.000 
0.000  0.000  0.000  0.000 
0.133  0.182  0.444 
0.000 0.000 0.000 0.130 0.116 0.129 0.147 0.121 0.136 0.165 0.151 0.165 0.143 0.176 0.156 0.253 0.140 0.140 0.122 0.444 0.182
0.134 0.117 0.117 0.000 0.000 0.000 0.000 0.000 0.000 0.000 0.000 0.000 0.000 0.000 0.000 0.000 0.000 0.000 0.000
0 0 0 0 0 0 0 0 0 0 0 0 0 0 0 0 0 0 0 1 0
0 0 0 0 0 0 0 0 0 0 0 0 0 0 0 0 0 0 0

Pb92S79I22.lb-0.985-1.025-1.000.cf-28
0  0  0 
0.000  0.000  0.000  0.000  0.000 
0.000  0.000  0.000  0.000 
0.000  0.000  0.000  0.000 
0.138  0.144  0.000 
0.000 0.000 0.000 0.151 0.130 0.135 0.147 0.144 0.134 0.226 0.166 0.246 0.134 0.215 0.136 0.140 0.123 0.134 0.142 0.145 0.138
0.113 0.132 0.000 0.000 0.000 0.000 0.000 0.000 0.000 0.000 0.000 0.000 0.000 0.000 0.000 0.000 0.000 0.000 0.000
0 0 0 0 0 0 0 0 0 0 0 0 0 0 0 0 0 0 0 0 0
0 0 0 0 0 0 0 0 0 0 0 0 0 0 0 0 0 0 0

Pb92S79I22.lb-0.985-1.025-1.000.cf-29
0  2  0 
0.000  0.000  0.000  0.000  0.000 
-5.598  -5.416  0.182  0.042 
0.000  0.000  0.000  0.000 
0.422  0.152  0.000 
0.000 0.000 0.000 0.000 0.000 0.172 0.239 0.257 0.206 0.188 0.255 0.291 0.189 0.337 0.214 0.153 0.147 0.235 0.483 0.158 0.143
0.114 0.110 0.000 0.000 0.000 0.000 0.000 0.000 0.000 0.000 0.000 0.000 0.000 0.000 0.000 0.000 0.000 0.000 0.000
0 0 0 0 0 0 0 0 0 0 0 0 0 1 0 0 0 0 1 0 0
0 0 0 0 0 0 0 0 0 0 0 0 0 0 0 0 0 0 0

Pb92S79I22.lb-0.985-1.025-1.000.cf-30
0  5  0 
0.000  0.000  0.000  0.000  0.000 
-5.510  -5.247  0.263  0.044 
0.000  0.000  0.000  0.000 
0.389  0.123  0.000 
0.000 0.000 0.000 0.000 0.000 0.292 0.220 0.193 0.328 0.211 0.461 0.292 0.234 0.334 0.197 0.234 0.228 0.460 0.411 0.123 0.097
0.128 0.101 0.000 0.000 0.000 0.000 0.000 0.000 0.000 0.000 0.000 0.000 0.000 0.000 0.000 0.000 0.000 0.000 0.000
0 0 0 0 0 0 0 0 1 0 1 0 0 1 0 0 0 1 1 0 0
0 0 0 0 0 0 0 0 0 0 0 0 0 0 0 0 0 0 0

Pb92S79I22.lb-0.985-1.025-1.000.cf-31
0  3  0 
0.000  0.000  0.000  0.000  0.000 
-5.518  -5.247  0.271  0.027 
0.000  0.000  0.000  0.000 
0.399  0.111  0.000 
0.000 0.000 0.000 0.000 0.000 0.153 0.159 0.358 0.284 0.308 0.193 0.144 0.305 0.247 0.280 0.186 0.319 0.220 0.491 0.110 0.123
0.135 0.098 0.000 0.000 0.000 0.000 0.000 0.000 0.000 0.000 0.000 0.000 0.000 0.000 0.000 0.000 0.000 0.000 0.000
0 0 0 0 0 0 0 1 0 0 0 0 0 0 0 0 1 0 1 0 0
0 0 0 0 0 0 0 0 0 0 0 0 0 0 0 0 0 0 0

Pb92S79I22.lb-0.985-1.025-1.000.cf-32
1  0  0 
-5.022  -5.022  0.000  0.254  0.975 
0.000  0.000  0.000  0.000 
0.000  0.000  0.000  0.000 
0.144  0.107  0.474 
0.000 0.000 0.000 0.131 0.230 0.129 0.126 0.159 0.177 0.175 0.151 0.233 0.135 0.226 0.161 0.139 0.132 0.131 0.152 0.474 0.107
0.099 0.100 0.109 0.000 0.000 0.000 0.000 0.000 0.000 0.000 0.000 0.000 0.000 0.000 0.000 0.000 0.000 0.000 0.000
0 0 0 0 0 0 0 0 0 0 0 0 0 0 0 0 0 0 0 1 0
0 0 0 0 0 0 0 0 0 0 0 0 0 0 0 0 0 0 0

Pb92S79I22.lb-0.985-1.025-1.000.cf-33
0  3  0 
0.000  0.000  0.000  0.000  0.000 
-5.463  -5.181  0.281  0.182 
0.000  0.000  0.000  0.000 
0.480  0.123  0.000 
0.000 0.000 0.000 0.000 0.000 0.000 0.000 0.000 0.000 0.000 0.000 0.000 0.000 0.000 0.445 0.166 0.515 0.154 0.170 0.480 0.123
0.130 0.096 0.101 0.000 0.000 0.000 0.000 0.000 0.000 0.000 0.000 0.000 0.000 0.000 0.000 0.000 0.000 0.000 0.000
0 0 0 0 0 0 0 0 0 0 0 0 0 0 1 0 1 0 0 1 0
0 0 0 0 0 0 0 0 0 0 0 0 0 0 0 0 0 0 0

Pb92S79I22.lb-0.985-1.025-1.000.cf-34
1  2  0 
-4.610  -4.610  0.000  0.643  0.570 
-5.391  -5.126  0.265  0.127 
0.000  0.000  0.000  0.000 
0.480  0.145  0.391 
0.000 0.000 0.000 0.000 0.000 0.000 0.000 0.000 0.000 0.000 0.000 0.000 0.000 0.337 0.210 0.261 0.185 0.239 0.282 0.483 0.391
0.147 0.116 0.107 0.102 0.000 0.000 0.000 0.000 0.000 0.000 0.000 0.000 0.000 0.000 0.000 0.000 0.000 0.000 0.000
0 0 0 0 0 0 0 0 0 0 0 0 0 1 0 0 0 0 0 1 1
0 0 0 0 0 0 0 0 0 0 0 0 0 0 0 0 0 0 0

Pb92S79I22.lb-0.985-1.025-1.000.cf-35
4  0  0 
-4.177  -3.961  0.216  1.125  0.218 
0.000  0.000  0.000  0.000 
0.000  0.000  0.000  0.000 
0.140  0.132  0.132 
0.000 0.000 0.204 0.184 0.119 0.129 0.137 0.137 0.132 0.164 0.206 0.171 0.129 0.157 0.189 0.177 0.119 0.151 0.140 0.151 0.157
0.118 0.103 0.139 0.126 0.115 0.107 0.141 0.128 0.097 0.121 0.132 0.108 0.114 0.115 0.000 0.000 0.000 0.000 0.000
0 0 0 0 0 0 0 0 0 0 0 0 0 0 0 0 0 0 0 0 0
0 0 0 0 0 0 0 0 0 0 0 0 0 0 0 0 0 0 0

Pb92S79I22.lb-0.985-1.025-1.000.cf-36
0  1  0 
0.000  0.000  0.000  0.000  0.000 
-5.453  -5.453  0.000  -0.114 
0.000  0.000  0.000  0.000 
0.131  0.118  0.000 
0.000 0.000 0.000 0.145 0.128 0.150 0.158 0.139 0.150 0.171 0.117 0.202 0.124 0.119 0.121 0.349 0.105 0.130 0.135 0.124 0.103
0.106 0.095 0.139 0.000 0.000 0.000 0.000 0.000 0.000 0.000 0.000 0.000 0.000 0.000 0.000 0.000 0.000 0.000 0.000
0 0 0 0 0 0 0 0 0 0 0 0 0 0 0 1 0 0 0 0 0
0 0 0 0 0 0 0 0 0 0 0 0 0 0 0 0 0 0 0

Pb92S79I22.lb-0.985-1.025-1.000.cf-37
0  0  0 
0.000  0.000  0.000  0.000  0.000 
0.000  0.000  0.000  0.000 
0.000  0.000  0.000  0.000 
0.148  0.108  0.000 
0.000 0.000 0.000 0.000 0.000 0.186 0.142 0.131 0.168 0.155 0.141 0.122 0.117 0.199 0.164 0.132 0.130 0.152 0.150 0.107 0.111
0.102 0.105 0.152 0.000 0.000 0.000 0.000 0.000 0.000 0.000 0.000 0.000 0.000 0.000 0.000 0.000 0.000 0.000 0.000
0 0 0 0 0 0 0 0 0 0 0 0 0 0 0 0 0 0 0 0 0
0 0 0 0 0 0 0 0 0 0 0 0 0 0 0 0 0 0 0

Pb92S79I22.lb-0.985-1.025-1.000.cf-38
0  0  0 
0.000  0.000  0.000  0.000  0.000 
0.000  0.000  0.000  0.000 
0.000  0.000  0.000  0.000 
0.122  0.121  0.000 
0.000 0.155 0.208 0.138 0.142 0.145 0.130 0.146 0.177 0.132 0.165 0.232 0.126 0.162 0.260 0.163 0.120 0.134 0.114 0.116 0.152
0.092 0.102 0.165 0.000 0.000 0.000 0.000 0.000 0.000 0.000 0.000 0.000 0.000 0.000 0.000 0.000 0.000 0.000 0.000
0 0 0 0 0 0 0 0 0 0 0 0 0 0 0 0 0 0 0 0 0
0 0 0 0 0 0 0 0 0 0 0 0 0 0 0 0 0 0 0

Pb92S79I22.lb-0.985-1.025-1.000.cf-39
0  0  0 
0.000  0.000  0.000  0.000  0.000 
0.000  0.000  0.000  0.000 
0.000  0.000  0.000  0.000 
0.166  0.122  0.000 
0.000 0.000 0.000 0.000 0.000 0.148 0.144 0.127 0.160 0.173 0.136 0.138 0.159 0.188 0.140 0.168 0.133 0.157 0.174 0.125 0.102
0.123 0.127 0.000 0.000 0.000 0.000 0.000 0.000 0.000 0.000 0.000 0.000 0.000 0.000 0.000 0.000 0.000 0.000 0.000
0 0 0 0 0 0 0 0 0 0 0 0 0 0 0 0 0 0 0 0 0
0 0 0 0 0 0 0 0 0 0 0 0 0 0 0 0 0 0 0

Pb92S79I22.lb-0.985-1.025-1.000.cf-40
2  0  0 
-4.862  -4.626  0.236  0.347  0.647 
0.000  0.000  0.000  0.000 
0.000  0.000  0.000  0.000 
0.157  0.103  0.365 
0.000 0.000 0.000 0.000 0.000 0.000 0.000 0.147 0.137 0.128 0.159 0.179 0.120 0.137 0.118 0.138 0.160 0.154 0.158 0.384 0.347
0.101 0.122 0.103 0.099 0.113 0.000 0.000 0.000 0.000 0.000 0.000 0.000 0.000 0.000 0.000 0.000 0.000 0.000 0.000
0 0 0 0 0 0 0 0 0 0 0 0 0 0 0 0 0 0 0 1 1
0 0 0 0 0 0 0 0 0 0 0 0 0 0 0 0 0 0 0

Pb92S79I22.lb-0.985-1.025-1.000.cf-41
0  3  0 
0.000  0.000  0.000  0.000  0.000 
-5.458  -5.169  0.289  0.204 
0.000  0.000  0.000  0.000 
0.478  0.127  0.000 
0.000 0.000 0.000 0.000 0.000 0.000 0.000 0.000 0.000 0.000 0.000 0.000 0.000 0.000 0.000 0.346 0.285 0.198 0.220 0.480 0.478
0.130 0.112 0.162 0.101 0.000 0.000 0.000 0.000 0.000 0.000 0.000 0.000 0.000 0.000 0.000 0.000 0.000 0.000 0.000
0 0 0 0 0 0 0 0 0 0 0 0 0 0 0 1 0 0 0 1 1
0 0 0 0 0 0 0 0 0 0 0 0 0 0 0 0 0 0 0

Pb92S79I22.lb-0.985-1.025-1.000.cf-42
0  2  0 
0.000  0.000  0.000  0.000  0.000 
-5.511  -5.306  0.205  0.057 
0.000  0.000  0.000  0.000 
0.481  0.140  0.000 
0.000 0.000 0.000 0.000 0.000 0.000 0.000 0.274 0.169 0.298 0.254 0.235 0.344 0.302 0.298 0.179 0.168 0.181 0.542 0.140 0.143
0.122 0.143 0.000 0.000 0.000 0.000 0.000 0.000 0.000 0.000 0.000 0.000 0.000 0.000 0.000 0.000 0.000 0.000 0.000
0 0 0 0 0 0 0 0 0 0 0 0 1 0 0 0 0 0 1 0 0
0 0 0 0 0 0 0 0 0 0 0 0 0 0 0 0 0 0 0

Pb92S79I22.lb-0.985-1.025-1.000.cf-43
0  0  0 
0.000  0.000  0.000  0.000  0.000 
0.000  0.000  0.000  0.000 
0.000  0.000  0.000  0.000 
0.119  0.105  0.000 
0.000 0.000 0.000 0.135 0.152 0.130 0.128 0.142 0.165 0.134 0.158 0.119 0.138 0.151 0.138 0.162 0.123 0.135 0.112 0.102 0.141
0.134 0.114 0.000 0.000 0.000 0.000 0.000 0.000 0.000 0.000 0.000 0.000 0.000 0.000 0.000 0.000 0.000 0.000 0.000
0 0 0 0 0 0 0 0 0 0 0 0 0 0 0 0 0 0 0 0 0
0 0 0 0 0 0 0 0 0 0 0 0 0 0 0 0 0 0 0

Pb92S79I22.lb-0.985-1.025-1.000.cf-44
0  4  0 
0.000  0.000  0.000  0.000  0.000 
-5.391  -5.148  0.243  0.077 
0.000  0.000  0.000  0.000 
0.585  0.181  0.000 
0.000 0.000 0.000 0.000 0.000 0.000 0.000 0.000 0.176 0.178 0.423 0.156 0.196 0.440 0.270 0.267 0.450 0.213 0.615 0.181 0.174
0.150 0.000 0.000 0.000 0.000 0.000 0.000 0.000 0.000 0.000 0.000 0.000 0.000 0.000 0.000 0.000 0.000 0.000 0.000
0 0 0 0 0 0 0 0 0 0 1 0 0 1 0 0 1 0 1 0 0
0 0 0 0 0 0 0 0 0 0 0 0 0 0 0 0 0 0 0

Pb92S79I22.lb-0.985-1.025-1.000.cf-45
0  1  0 
0.000  0.000  0.000  0.000  0.000 
-5.141  -5.141  0.000  0.140 
0.000  0.000  0.000  0.000 
0.479  0.148  0.000 
0.000 0.000 0.000 0.000 0.000 0.000 0.000 0.000 0.000 0.000 0.000 0.000 0.000 0.000 0.000 0.136 0.144 0.141 0.158 0.482 0.148
0.138 0.136 0.104 0.000 0.000 0.000 0.000 0.000 0.000 0.000 0.000 0.000 0.000 0.000 0.000 0.000 0.000 0.000 0.000
0 0 0 0 0 0 0 0 0 0 0 0 0 0 0 0 0 0 0 1 0
0 0 0 0 0 0 0 0 0 0 0 0 0 0 0 0 0 0 0

Pb92S79I22.lb-0.985-1.025-1.000.cf-46
0  2  0 
0.000  0.000  0.000  0.000  0.000 
-5.377  -5.354  0.023  -0.074 
0.000  0.000  0.000  0.000 
0.194  0.138  0.000 
0.000 0.000 0.000 0.000 0.131 0.164 0.197 0.275 0.214 0.263 0.238 0.166 0.262 0.255 0.390 0.347 0.224 0.166 0.185 0.140 0.104
0.139 0.100 0.000 0.000 0.000 0.000 0.000 0.000 0.000 0.000 0.000 0.000 0.000 0.000 0.000 0.000 0.000 0.000 0.000
0 0 0 0 0 0 0 0 0 0 0 0 0 0 1 1 0 0 0 0 0
0 0 0 0 0 0 0 0 0 0 0 0 0 0 0 0 0 0 0

Pb92S79I22.lb-0.985-1.025-1.000.cf-47
0  2  0 
0.000  0.000  0.000  0.000  0.000 
-5.242  -5.138  0.104  0.131 
0.000  0.000  0.000  0.000 
0.481  0.168  0.000 
0.000 0.000 0.000 0.000 0.000 0.000 0.000 0.000 0.000 0.000 0.000 0.000 0.000 0.248 0.233 0.293 0.143 0.308 0.589 0.481 0.168
0.097 0.101 0.130 0.000 0.000 0.000 0.000 0.000 0.000 0.000 0.000 0.000 0.000 0.000 0.000 0.000 0.000 0.000 0.000
0 0 0 0 0 0 0 0 0 0 0 0 0 0 0 0 0 0 1 1 0
0 0 0 0 0 0 0 0 0 0 0 0 0 0 0 0 0 0 0

Pb92S79I22.lb-0.985-1.025-1.000.cf-48
1  3  0 
-4.652  -4.652  0.000  0.572  0.643 
-5.419  -5.151  0.268  0.073 
0.000  0.000  0.000  0.000 
0.389  0.168  0.426 
0.000 0.000 0.000 0.000 0.000 0.000 0.000 0.000 0.000 0.000 0.123 0.356 0.197 0.150 0.163 0.151 0.315 0.156 0.151 0.410 0.426
0.169 0.169 0.141 0.157 0.123 0.000 0.000 0.000 0.000 0.000 0.000 0.000 0.000 0.000 0.000 0.000 0.000 0.000 0.000
0 0 0 0 0 0 0 0 0 0 0 1 0 0 0 0 1 0 0 1 1
0 0 0 0 0 0 0 0 0 0 0 0 0 0 0 0 0 0 0

Pb92S79I22.lb-0.985-1.025-1.000.cf-49
0  0  0 
0.000  0.000  0.000  0.000  0.000 
0.000  0.000  0.000  0.000 
0.000  0.000  0.000  0.000 
0.153  0.108  0.000 
0.000 0.000 0.000 0.135 0.168 0.135 0.122 0.124 0.137 0.150 0.131 0.144 0.213 0.141 0.151 0.161 0.133 0.151 0.158 0.108 0.097
0.109 0.146 0.000 0.000 0.000 0.000 0.000 0.000 0.000 0.000 0.000 0.000 0.000 0.000 0.000 0.000 0.000 0.000 0.000
0 0 0 0 0 0 0 0 0 0 0 0 0 0 0 0 0 0 0 0 0
0 0 0 0 0 0 0 0 0 0 0 0 0 0 0 0 0 0 0

Pb92S79I22.lb-0.985-1.025-1.000.cf-50
0  0  0 
0.000  0.000  0.000  0.000  0.000 
0.000  0.000  0.000  0.000 
0.000  0.000  0.000  0.000 
0.144  0.154  0.000 
0.000 0.000 0.000 0.138 0.123 0.131 0.144 0.136 0.132 0.129 0.196 0.224 0.159 0.309 0.158 0.144 0.131 0.116 0.162 0.156 0.132
0.103 0.113 0.000 0.000 0.000 0.000 0.000 0.000 0.000 0.000 0.000 0.000 0.000 0.000 0.000 0.000 0.000 0.000 0.000
0 0 0 0 0 0 0 0 0 0 0 0 0 0 0 0 0 0 0 0 0
0 0 0 0 0 0 0 0 0 0 0 0 0 0 0 0 0 0 0

Pb92S79I26.lb-0.985-1.025-1.000.cf-1
0  3  0 
0.000  0.000  0.000  0.000  0.000 
-5.446  -5.232  0.214  0.337 
0.000  0.000  0.000  0.000 
0.715  0.157  0.000 
0.000 0.000 0.000 0.000 0.000 0.000 0.000 0.000 0.000 0.000 0.000 0.000 0.000 0.000 0.000 0.000 0.000 0.000 0.773 0.625 0.716
0.161 0.142 0.115 0.132 0.000 0.000 0.000 0.000 0.000 0.000 0.000 0.000 0.000 0.000 0.000 0.000 0.000 0.000 0.000
0 0 0 0 0 0 0 0 0 0 0 0 0 0 0 0 0 0 1 1 1
0 0 0 0 0 0 0 0 0 0 0 0 0 0 0 0 0 0 0

Pb92S79I26.lb-0.985-1.025-1.000.cf-2
0  2  0 
0.000  0.000  0.000  0.000  0.000 
-5.551  -5.449  0.103  0.114 
0.000  0.000  0.000  0.000 
0.616  0.113  0.000 
0.000 0.000 0.000 0.000 0.000 0.000 0.000 0.000 0.000 0.000 0.000 0.220 0.276 0.178 0.291 0.226 0.283 0.233 0.301 0.343 0.629
0.115 0.107 0.104 0.163 0.000 0.000 0.000 0.000 0.000 0.000 0.000 0.000 0.000 0.000 0.000 0.000 0.000 0.000 0.000
0 0 0 0 0 0 0 0 0 0 0 0 0 0 0 0 0 0 0 1 1
0 0 0 0 0 0 0 0 0 0 0 0 0 0 0 0 0 0 0

Pb92S79I26.lb-0.985-1.025-1.000.cf-3
0  3  0 
0.000  0.000  0.000  0.000  0.000 
-5.506  -5.383  0.124  0.051 
0.000  0.000  0.000  0.000 
0.353  0.125  0.000 
0.000 0.000 0.000 0.000 0.131 0.141 0.132 0.264 0.154 0.214 0.212 0.145 0.203 0.194 0.285 0.278 0.392 0.200 0.285 0.334 0.372
0.127 0.105 0.107 0.108 0.000 0.000 0.000 0.000 0.000 0.000 0.000 0.000 0.000 0.000 0.000 0.000 0.000 0.000 0.000
0 0 0 0 0 0 0 0 0 0 0 0 0 0 0 0 1 0 0 1 1
0 0 0 0 0 0 0 0 0 0 0 0 0 0 0 0 0 0 0

Pb92S79I26.lb-0.985-1.025-1.000.cf-4
0  0  0 
0.000  0.000  0.000  0.000  0.000 
0.000  0.000  0.000  0.000 
0.000  0.000  0.000  0.000 
0.144  0.109  0.000 
0.000 0.000 0.000 0.000 0.166 0.146 0.150 0.142 0.133 0.141 0.142 0.141 0.172 0.282 0.120 0.147 0.153 0.220 0.141 0.160 0.131
0.101 0.124 0.099 0.114 0.000 0.000 0.000 0.000 0.000 0.000 0.000 0.000 0.000 0.000 0.000 0.000 0.000 0.000 0.000
0 0 0 0 0 0 0 0 0 0 0 0 0 0 0 0 0 0 0 0 0
0 0 0 0 0 0 0 0 0 0 0 0 0 0 0 0 0 0 0

Pb92S79I26.lb-0.985-1.025-1.000.cf-5
0  0  0 
0.000  0.000  0.000  0.000  0.000 
0.000  0.000  0.000  0.000 
0.000  0.000  0.000  0.000 
0.134  0.102  0.000 
0.000 0.000 0.000 0.000 0.137 0.137 0.114 0.138 0.137 0.161 0.163 0.161 0.242 0.186 0.155 0.148 0.126 0.158 0.105 0.128 0.140
0.100 0.127 0.124 0.118 0.000 0.000 0.000 0.000 0.000 0.000 0.000 0.000 0.000 0.000 0.000 0.000 0.000 0.000 0.000
0 0 0 0 0 0 0 0 0 0 0 0 0 0 0 0 0 0 0 0 0
0 0 0 0 0 0 0 0 0 0 0 0 0 0 0 0 0 0 0

Pb92S79I26.lb-0.985-1.025-1.000.cf-6
0  3  0 
0.000  0.000  0.000  0.000  0.000 
-5.512  -5.353  0.160  0.018 
0.000  0.000  0.000  0.000 
0.383  0.121  0.000 
0.000 0.000 0.000 0.000 0.000 0.218 0.307 0.282 0.209 0.207 0.239 0.251 0.166 0.274 0.394 0.333 0.250 0.190 0.164 0.172 0.533
0.124 0.109 0.127 0.133 0.146 0.000 0.000 0.000 0.000 0.000 0.000 0.000 0.000 0.000 0.000 0.000 0.000 0.000 0.000
0 0 0 0 0 0 0 0 0 0 0 0 0 0 1 1 0 0 0 0 1
0 0 0 0 0 0 0 0 0 0 0 0 0 0 0 0 0 0 0

Pb92S79I26.lb-0.985-1.025-1.000.cf-7
0  2  0 
0.000  0.000  0.000  0.000  0.000 
-5.409  -5.309  0.100  0.050 
0.000  0.000  0.000  0.000 
0.543  0.128  0.000 
0.000 0.000 0.000 0.000 0.000 0.000 0.000 0.000 0.000 0.184 0.145 0.127 0.304 0.188 0.204 0.197 0.167 0.206 0.397 0.273 0.589
0.133 0.127 0.104 0.123 0.000 0.000 0.000 0.000 0.000 0.000 0.000 0.000 0.000 0.000 0.000 0.000 0.000 0.000 0.000
0 0 0 0 0 0 0 0 0 0 0 0 0 0 0 0 0 0 1 0 1
0 0 0 0 0 0 0 0 0 0 0 0 0 0 0 0 0 0 0

Pb92S79I26.lb-0.985-1.025-1.000.cf-8
0  0  0 
0.000  0.000  0.000  0.000  0.000 
0.000  0.000  0.000  0.000 
0.000  0.000  0.000  0.000 
0.182  0.105  0.000 
0.000 0.000 0.000 0.000 0.000 0.000 0.000 0.179 0.148 0.142 0.145 0.160 0.162 0.159 0.237 0.131 0.136 0.136 0.124 0.150 0.192
0.098 0.162 0.124 0.137 0.000 0.000 0.000 0.000 0.000 0.000 0.000 0.000 0.000 0.000 0.000 0.000 0.000 0.000 0.000
0 0 0 0 0 0 0 0 0 0 0 0 0 0 0 0 0 0 0 0 0
0 0 0 0 0 0 0 0 0 0 0 0 0 0 0 0 0 0 0

Pb92S79I26.lb-0.985-1.025-1.000.cf-9
0  1  0 
0.000  0.000  0.000  0.000  0.000 
-5.583  -5.583  0.000  -0.069 
0.000  0.000  0.000  0.000 
0.145  0.161  0.000 
0.000 0.000 0.000 0.000 0.000 0.154 0.134 0.186 0.179 0.129 0.126 0.167 0.210 0.150 0.168 0.205 0.210 0.487 0.123 0.137 0.129
0.163 0.155 0.121 0.113 0.000 0.000 0.000 0.000 0.000 0.000 0.000 0.000 0.000 0.000 0.000 0.000 0.000 0.000 0.000
0 0 0 0 0 0 0 0 0 0 0 0 0 0 0 0 0 1 0 0 0
0 0 0 0 0 0 0 0 0 0 0 0 0 0 0 0 0 0 0

Pb92S79I26.lb-0.985-1.025-1.000.cf-10
0  1  0 
0.000  0.000  0.000  0.000  0.000 
-5.658  -5.658  0.000  -0.272 
0.000  0.000  0.000  0.000 
0.142  0.113  0.000 
0.000 0.000 0.000 0.000 0.000 0.201 0.316 0.174 0.149 0.175 0.140 0.187 0.211 0.250 0.186 0.176 0.159 0.152 0.146 0.157 0.130
0.113 0.109 0.140 0.176 0.000 0.000 0.000 0.000 0.000 0.000 0.000 0.000 0.000 0.000 0.000 0.000 0.000 0.000 0.000
0 0 0 0 0 0 1 0 0 0 0 0 0 0 0 0 0 0 0 0 0
0 0 0 0 0 0 0 0 0 0 0 0 0 0 0 0 0 0 0

Pb92S79I26.lb-0.985-1.025-1.000.cf-11
0  1  0 
0.000  0.000  0.000  0.000  0.000 
-5.391  -5.391  0.000  -0.059 
0.000  0.000  0.000  0.000 
0.249  0.186  0.000 
0.000 0.000 0.000 0.000 0.000 0.000 0.000 0.204 0.147 0.288 0.177 0.219 0.170 0.290 0.279 0.234 0.191 0.394 0.137 0.215 0.295
0.187 0.155 0.136 0.149 0.000 0.000 0.000 0.000 0.000 0.000 0.000 0.000 0.000 0.000 0.000 0.000 0.000 0.000 0.000
0 0 0 0 0 0 0 0 0 0 0 0 0 0 0 0 0 1 0 0 0
0 0 0 0 0 0 0 0 0 0 0 0 0 0 0 0 0 0 0

Pb92S79I26.lb-0.985-1.025-1.000.cf-12
0  2  0 
0.000  0.000  0.000  0.000  0.000 
-5.548  -5.386  0.162  -0.054 
0.000  0.000  0.000  0.000 
0.171  0.168  0.000 
0.000 0.000 0.000 0.000 0.000 0.226 0.125 0.159 0.238 0.194 0.178 0.418 0.180 0.229 0.149 0.166 0.189 0.152 0.557 0.131 0.143
0.173 0.131 0.117 0.183 0.145 0.000 0.000 0.000 0.000 0.000 0.000 0.000 0.000 0.000 0.000 0.000 0.000 0.000 0.000
0 0 0 0 0 0 0 0 0 0 0 1 0 0 0 0 0 0 1 0 0
0 0 0 0 0 0 0 0 0 0 0 0 0 0 0 0 0 0 0

Pb92S79I26.lb-0.985-1.025-1.000.cf-13
0  0  1 
0.000  0.000  0.000  0.000  0.000 
0.000  0.000  0.000  0.000 
-4.394  -4.394  0.000  0.167 
0.242  0.220  0.000 
0.000 0.000 0.000 0.000 0.000 0.000 0.000 0.000 0.000 0.185 0.161 0.230 0.156 0.176 0.241 0.290 0.147 0.190 0.182 0.234 0.245
0.220 0.130 0.172 0.000 0.000 0.000 0.000 0.000 0.000 0.000 0.000 0.000 0.000 0.000 0.000 0.000 0.000 0.000 0.000
0 0 0 0 0 0 0 0 0 0 0 0 0 0 0 0 0 0 0 0 0
1 0 0 0 0 0 0 0 0 0 0 0 0 0 0 0 0 0 0

Pb92S79I26.lb-0.985-1.025-1.000.cf-14
0  0  0 
0.000  0.000  0.000  0.000  0.000 
0.000  0.000  0.000  0.000 
0.000  0.000  0.000  0.000 
0.141  0.130  0.000 
0.000 0.000 0.000 0.000 0.000 0.000 0.157 0.116 0.151 0.147 0.146 0.120 0.133 0.191 0.172 0.114 0.138 0.115 0.121 0.143 0.142
0.134 0.107 0.117 0.107 0.000 0.000 0.000 0.000 0.000 0.000 0.000 0.000 0.000 0.000 0.000 0.000 0.000 0.000 0.000
0 0 0 0 0 0 0 0 0 0 0 0 0 0 0 0 0 0 0 0 0
0 0 0 0 0 0 0 0 0 0 0 0 0 0 0 0 0 0 0

Pb92S79I26.lb-0.985-1.025-1.000.cf-15
0  3  0 
0.000  0.000  0.000  0.000  0.000 
-5.626  -5.413  0.212  -0.061 
0.000  0.000  0.000  0.000 
0.236  0.158  0.000 
0.000 0.000 0.000 0.000 0.000 0.000 0.000 0.000 0.000 0.000 0.000 0.203 0.338 0.157 0.256 0.373 0.244 0.188 0.552 0.157 0.233
0.160 0.157 0.113 0.130 0.000 0.000 0.000 0.000 0.000 0.000 0.000 0.000 0.000 0.000 0.000 0.000 0.000 0.000 0.000
0 0 0 0 0 0 0 0 0 0 0 0 1 0 0 1 0 0 1 0 0
0 0 0 0 0 0 0 0 0 0 0 0 0 0 0 0 0 0 0

Pb92S79I26.lb-0.985-1.025-1.000.cf-16
0  5  0 
0.000  0.000  0.000  0.000  0.000 
-5.554  -5.298  0.256  0.028 
0.000  0.000  0.000  0.000 
0.350  0.143  0.000 
0.000 0.000 0.000 0.000 0.000 0.000 0.000 0.000 0.000 0.256 0.243 0.336 0.395 0.201 0.332 0.272 0.387 0.206 0.230 0.307 0.376
0.143 0.145 0.123 0.117 0.000 0.000 0.000 0.000 0.000 0.000 0.000 0.000 0.000 0.000 0.000 0.000 0.000 0.000 0.000
0 0 0 0 0 0 0 0 0 0 0 1 1 0 1 0 1 0 0 0 1
0 0 0 0 0 0 0 0 0 0 0 0 0 0 0 0 0 0 0

Pb92S79I26.lb-0.985-1.025-1.000.cf-17
0  1  0 
0.000  0.000  0.000  0.000  0.000 
-5.535  -5.535  0.000  -0.108 
0.000  0.000  0.000  0.000 
0.146  0.135  0.000 
0.000 0.000 0.000 0.000 0.119 0.140 0.135 0.121 0.171 0.140 0.161 0.168 0.233 0.184 0.113 0.138 0.313 0.153 0.103 0.119 0.165
0.150 0.108 0.121 0.099 0.000 0.000 0.000 0.000 0.000 0.000 0.000 0.000 0.000 0.000 0.000 0.000 0.000 0.000 0.000
0 0 0 0 0 0 0 0 0 0 0 0 0 0 0 0 1 0 0 0 0
0 0 0 0 0 0 0 0 0 0 0 0 0 0 0 0 0 0 0

Pb92S79I26.lb-0.985-1.025-1.000.cf-18
0  0  0 
0.000  0.000  0.000  0.000  0.000 
0.000  0.000  0.000  0.000 
0.000  0.000  0.000  0.000 
0.144  0.118  0.000 
0.000 0.000 0.000 0.152 0.149 0.153 0.136 0.126 0.128 0.131 0.157 0.191 0.210 0.138 0.117 0.255 0.127 0.127 0.109 0.136 0.150
0.114 0.142 0.099 0.096 0.000 0.000 0.000 0.000 0.000 0.000 0.000 0.000 0.000 0.000 0.000 0.000 0.000 0.000 0.000
0 0 0 0 0 0 0 0 0 0 0 0 0 0 0 0 0 0 0 0 0
0 0 0 0 0 0 0 0 0 0 0 0 0 0 0 0 0 0 0

Pb92S79I26.lb-0.985-1.025-1.000.cf-19
0  1  0 
0.000  0.000  0.000  0.000  0.000 
-5.724  -5.724  0.000  -0.226 
0.000  0.000  0.000  0.000 
0.149  0.130  0.000 
0.000 0.000 0.000 0.227 0.243 0.243 0.169 0.152 0.179 0.393 0.218 0.247 0.267 0.188 0.280 0.197 0.172 0.189 0.127 0.120 0.159
0.111 0.154 0.137 0.121 0.000 0.000 0.000 0.000 0.000 0.000 0.000 0.000 0.000 0.000 0.000 0.000 0.000 0.000 0.000
0 0 0 0 0 0 0 0 0 1 0 0 0 0 0 0 0 0 0 0 0
0 0 0 0 0 0 0 0 0 0 0 0 0 0 0 0 0 0 0

Pb92S79I26.lb-0.985-1.025-1.000.cf-20
0  0  0 
0.000  0.000  0.000  0.000  0.000 
0.000  0.000  0.000  0.000 
0.000  0.000  0.000  0.000 
0.146  0.147  0.000 
0.000 0.000 0.000 0.000 0.000 0.132 0.158 0.157 0.124 0.122 0.153 0.177 0.191 0.245 0.216 0.150 0.119 0.163 0.115 0.132 0.149
0.154 0.117 0.100 0.115 0.000 0.000 0.000 0.000 0.000 0.000 0.000 0.000 0.000 0.000 0.000 0.000 0.000 0.000 0.000
0 0 0 0 0 0 0 0 0 0 0 0 0 0 0 0 0 0 0 0 0
0 0 0 0 0 0 0 0 0 0 0 0 0 0 0 0 0 0 0

Pb92S79I26.lb-0.985-1.025-1.000.cf-21
0  1  0 
0.000  0.000  0.000  0.000  0.000 
-5.474  -5.474  0.000  0.018 
0.000  0.000  0.000  0.000 
0.285  0.123  0.000 
0.000 0.000 0.000 0.000 0.124 0.175 0.117 0.202 0.129 0.178 0.158 0.175 0.197 0.199 0.212 0.144 0.174 0.153 0.181 0.229 0.351
0.122 0.137 0.129 0.094 0.000 0.000 0.000 0.000 0.000 0.000 0.000 0.000 0.000 0.000 0.000 0.000 0.000 0.000 0.000
0 0 0 0 0 0 0 0 0 0 0 0 0 0 0 0 0 0 0 0 1
0 0 0 0 0 0 0 0 0 0 0 0 0 0 0 0 0 0 0

Pb92S79I26.lb-0.985-1.025-1.000.cf-22
0  2  0 
0.000  0.000  0.000  0.000  0.000 
-5.437  -5.368  0.069  0.036 
0.000  0.000  0.000  0.000 
0.469  0.159  0.000 
0.000 0.000 0.000 0.000 0.000 0.000 0.000 0.000 0.172 0.185 0.172 0.215 0.277 0.267 0.199 0.291 0.187 0.272 0.328 0.136 0.573
0.160 0.110 0.099 0.151 0.000 0.000 0.000 0.000 0.000 0.000 0.000 0.000 0.000 0.000 0.000 0.000 0.000 0.000 0.000
0 0 0 0 0 0 0 0 0 0 0 0 0 0 0 0 0 0 1 0 1
0 0 0 0 0 0 0 0 0 0 0 0 0 0 0 0 0 0 0

Pb92S79I26.lb-0.985-1.025-1.000.cf-23
0  0  0 
0.000  0.000  0.000  0.000  0.000 
0.000  0.000  0.000  0.000 
0.000  0.000  0.000  0.000 
0.118  0.103  0.000 
0.000 0.000 0.000 0.000 0.000 0.134 0.158 0.134 0.121 0.138 0.164 0.182 0.138 0.246 0.195 0.143 0.144 0.131 0.110 0.131 0.113
0.102 0.110 0.132 0.115 0.000 0.000 0.000 0.000 0.000 0.000 0.000 0.000 0.000 0.000 0.000 0.000 0.000 0.000 0.000
0 0 0 0 0 0 0 0 0 0 0 0 0 0 0 0 0 0 0 0 0
0 0 0 0 0 0 0 0 0 0 0 0 0 0 0 0 0 0 0

Pb92S79I26.lb-0.985-1.025-1.000.cf-24
0  0  0 
0.000  0.000  0.000  0.000  0.000 
0.000  0.000  0.000  0.000 
0.000  0.000  0.000  0.000 
0.152  0.130  0.000 
0.000 0.000 0.000 0.000 0.124 0.162 0.128 0.138 0.116 0.206 0.139 0.124 0.200 0.142 0.247 0.166 0.155 0.153 0.125 0.172 0.137
0.138 0.115 0.110 0.099 0.000 0.000 0.000 0.000 0.000 0.000 0.000 0.000 0.000 0.000 0.000 0.000 0.000 0.000 0.000
0 0 0 0 0 0 0 0 0 0 0 0 0 0 0 0 0 0 0 0 0
0 0 0 0 0 0 0 0 0 0 0 0 0 0 0 0 0 0 0

Pb92S79I26.lb-0.985-1.025-1.000.cf-25
0  0  0 
0.000  0.000  0.000  0.000  0.000 
0.000  0.000  0.000  0.000 
0.000  0.000  0.000  0.000 
0.147  0.114  0.000 
0.000 0.000 0.000 0.000 0.000 0.000 0.142 0.122 0.173 0.140 0.135 0.168 0.155 0.151 0.119 0.126 0.147 0.138 0.142 0.150 0.146
0.120 0.102 0.110 0.143 0.123 0.000 0.000 0.000 0.000 0.000 0.000 0.000 0.000 0.000 0.000 0.000 0.000 0.000 0.000
0 0 0 0 0 0 0 0 0 0 0 0 0 0 0 0 0 0 0 0 0
0 0 0 0 0 0 0 0 0 0 0 0 0 0 0 0 0 0 0

Pb92S79I26.lb-0.985-1.025-1.000.cf-26
0  4  1 
0.000  0.000  0.000  0.000  0.000 
-5.604  -5.314  0.290  0.049 
-4.297  -4.297  0.000  0.116 
0.523  0.199  0.000 
0.000 0.000 0.000 0.000 0.000 0.000 0.000 0.000 0.000 0.000 0.000 0.361 0.272 0.221 0.148 0.341 0.321 0.190 0.251 0.178 0.591
0.200 0.109 0.117 0.103 0.000 0.000 0.000 0.000 0.000 0.000 0.000 0.000 0.000 0.000 0.000 0.000 0.000 0.000 0.000
0 0 0 0 0 0 0 0 0 0 0 1 0 0 0 1 1 0 0 0 1
1 0 0 0 0 0 0 0 0 0 0 0 0 0 0 0 0 0 0

Pb92S79I26.lb-0.985-1.025-1.000.cf-27
0  0  0 
0.000  0.000  0.000  0.000  0.000 
0.000  0.000  0.000  0.000 
0.000  0.000  0.000  0.000 
0.126  0.109  0.000 
0.000 0.000 0.000 0.000 0.000 0.000 0.131 0.139 0.158 0.127 0.187 0.175 0.162 0.181 0.218 0.138 0.150 0.119 0.127 0.138 0.124
0.106 0.139 0.118 0.129 0.000 0.000 0.000 0.000 0.000 0.000 0.000 0.000 0.000 0.000 0.000 0.000 0.000 0.000 0.000
0 0 0 0 0 0 0 0 0 0 0 0 0 0 0 0 0 0 0 0 0
0 0 0 0 0 0 0 0 0 0 0 0 0 0 0 0 0 0 0

Pb92S79I26.lb-0.985-1.025-1.000.cf-28
0  1  0 
0.000  0.000  0.000  0.000  0.000 
-5.404  -5.404  0.000  0.010 
0.000  0.000  0.000  0.000 
0.266  0.192  0.000 
0.000 0.000 0.000 0.000 0.154 0.124 0.187 0.275 0.148 0.147 0.136 0.176 0.215 0.306 0.198 0.127 0.225 0.126 0.294 0.137 0.352
0.193 0.167 0.111 0.160 0.000 0.000 0.000 0.000 0.000 0.000 0.000 0.000 0.000 0.000 0.000 0.000 0.000 0.000 0.000
0 0 0 0 0 0 0 0 0 0 0 0 0 0 0 0 0 0 0 0 1
0 0 0 0 0 0 0 0 0 0 0 0 0 0 0 0 0 0 0

Pb92S79I26.lb-0.985-1.025-1.000.cf-29
0  0  0 
0.000  0.000  0.000  0.000  0.000 
0.000  0.000  0.000  0.000 
0.000  0.000  0.000  0.000 
0.149  0.150  0.000 
0.000 0.000 0.000 0.168 0.163 0.117 0.137 0.151 0.133 0.132 0.132 0.192 0.227 0.183 0.130 0.131 0.134 0.245 0.164 0.164 0.133
0.151 0.139 0.114 0.095 0.000 0.000 0.000 0.000 0.000 0.000 0.000 0.000 0.000 0.000 0.000 0.000 0.000 0.000 0.000
0 0 0 0 0 0 0 0 0 0 0 0 0 0 0 0 0 0 0 0 0
0 0 0 0 0 0 0 0 0 0 0 0 0 0 0 0 0 0 0

Pb92S79I26.lb-0.985-1.025-1.000.cf-30
0  1  0 
0.000  0.000  0.000  0.000  0.000 
-5.488  -5.488  0.000  -0.013 
0.000  0.000  0.000  0.000 
0.242  0.135  0.000 
0.000 0.229 0.257 0.165 0.140 0.193 0.309 0.157 0.156 0.156 0.166 0.200 0.146 0.122 0.200 0.173 0.127 0.130 0.142 0.350 0.208
0.134 0.171 0.125 0.132 0.000 0.000 0.000 0.000 0.000 0.000 0.000 0.000 0.000 0.000 0.000 0.000 0.000 0.000 0.000
0 0 0 0 0 0 0 0 0 0 0 0 0 0 0 0 0 0 0 1 0
0 0 0 0 0 0 0 0 0 0 0 0 0 0 0 0 0 0 0

Pb92S79I26.lb-0.985-1.025-1.000.cf-31
0  4  0 
0.000  0.000  0.000  0.000  0.000 
-5.490  -5.196  0.294  0.127 
0.000  0.000  0.000  0.000 
0.482  0.147  0.000 
0.000 0.000 0.000 0.000 0.000 0.000 0.000 0.000 0.000 0.000 0.000 0.414 0.178 0.382 0.249 0.216 0.304 0.502 0.300 0.269 0.485
0.166 0.095 0.102 0.115 0.000 0.000 0.000 0.000 0.000 0.000 0.000 0.000 0.000 0.000 0.000 0.000 0.000 0.000 0.000
0 0 0 0 0 0 0 0 0 0 0 1 0 1 0 0 0 1 0 0 1
0 0 0 0 0 0 0 0 0 0 0 0 0 0 0 0 0 0 0

Pb92S79I26.lb-0.985-1.025-1.000.cf-32
0  2  0 
0.000  0.000  0.000  0.000  0.000 
-5.689  -5.418  0.271  0.058 
0.000  0.000  0.000  0.000 
0.365  0.165  0.000 
0.000 0.000 0.000 0.000 0.000 0.000 0.302 0.329 0.224 0.227 0.155 0.141 0.290 0.194 0.143 0.167 0.274 0.197 0.129 0.163 0.410
0.169 0.151 0.103 0.144 0.000 0.000 0.000 0.000 0.000 0.000 0.000 0.000 0.000 0.000 0.000 0.000 0.000 0.000 0.000
0 0 0 0 0 0 0 1 0 0 0 0 0 0 0 0 0 0 0 0 1
0 0 0 0 0 0 0 0 0 0 0 0 0 0 0 0 0 0 0

Pb92S79I26.lb-0.985-1.025-1.000.cf-33
0  4  0 
0.000  0.000  0.000  0.000  0.000 
-5.509  -5.391  0.118  -0.080 
0.000  0.000  0.000  0.000 
0.266  0.161  0.000 
0.000 0.000 0.000 0.000 0.153 0.132 0.140 0.164 0.143 0.151 0.258 0.318 0.204 0.174 0.421 0.154 0.427 0.419 0.174 0.306 0.258
0.175 0.111 0.146 0.104 0.000 0.000 0.000 0.000 0.000 0.000 0.000 0.000 0.000 0.000 0.000 0.000 0.000 0.000 0.000
0 0 0 0 0 0 0 0 0 0 0 1 0 0 1 0 1 1 0 0 0
0 0 0 0 0 0 0 0 0 0 0 0 0 0 0 0 0 0 0

Pb92S79I26.lb-0.985-1.025-1.000.cf-34
0  4  0 
0.000  0.000  0.000  0.000  0.000 
-5.485  -5.378  0.107  -0.039 
0.000  0.000  0.000  0.000 
0.311  0.189  0.000 
0.000 0.000 0.000 0.000 0.132 0.146 0.134 0.148 0.164 0.162 0.185 0.306 0.251 0.178 0.405 0.259 0.366 0.159 0.316 0.409 0.297
0.190 0.142 0.124 0.105 0.000 0.000 0.000 0.000 0.000 0.000 0.000 0.000 0.000 0.000 0.000 0.000 0.000 0.000 0.000
0 0 0 0 0 0 0 0 0 0 0 0 0 0 1 0 1 0 1 1 0
0 0 0 0 0 0 0 0 0 0 0 0 0 0 0 0 0 0 0

Pb92S79I26.lb-0.985-1.025-1.000.cf-35
0  2  0 
0.000  0.000  0.000  0.000  0.000 
-5.704  -5.594  0.110  -0.160 
0.000  0.000  0.000  0.000 
0.183  0.154  0.000 
0.000 0.000 0.265 0.142 0.322 0.151 0.207 0.161 0.153 0.130 0.227 0.173 0.140 0.319 0.183 0.199 0.149 0.143 0.228 0.279 0.143
0.154 0.147 0.157 0.142 0.000 0.000 0.000 0.000 0.000 0.000 0.000 0.000 0.000 0.000 0.000 0.000 0.000 0.000 0.000
0 0 0 0 1 0 0 0 0 0 0 0 0 1 0 0 0 0 0 0 0
0 0 0 0 0 0 0 0 0 0 0 0 0 0 0 0 0 0 0

Pb92S79I26.lb-0.985-1.025-1.000.cf-36
0  0  0 
0.000  0.000  0.000  0.000  0.000 
0.000  0.000  0.000  0.000 
0.000  0.000  0.000  0.000 
0.140  0.125  0.000 
0.000 0.000 0.000 0.000 0.131 0.164 0.129 0.140 0.164 0.189 0.155 0.145 0.213 0.238 0.243 0.154 0.164 0.183 0.117 0.186 0.116
0.124 0.131 0.115 0.101 0.000 0.000 0.000 0.000 0.000 0.000 0.000 0.000 0.000 0.000 0.000 0.000 0.000 0.000 0.000
0 0 0 0 0 0 0 0 0 0 0 0 0 0 0 0 0 0 0 0 0
0 0 0 0 0 0 0 0 0 0 0 0 0 0 0 0 0 0 0

Pb92S79I26.lb-0.985-1.025-1.000.cf-37
0  0  0 
0.000  0.000  0.000  0.000  0.000 
0.000  0.000  0.000  0.000 
0.000  0.000  0.000  0.000 
0.178  0.135  0.000 
0.000 0.000 0.000 0.000 0.000 0.000 0.000 0.000 0.124 0.138 0.142 0.110 0.140 0.212 0.190 0.193 0.135 0.139 0.133 0.179 0.183
0.138 0.128 0.127 0.107 0.000 0.000 0.000 0.000 0.000 0.000 0.000 0.000 0.000 0.000 0.000 0.000 0.000 0.000 0.000
0 0 0 0 0 0 0 0 0 0 0 0 0 0 0 0 0 0 0 0 0
0 0 0 0 0 0 0 0 0 0 0 0 0 0 0 0 0 0 0

Pb92S79I26.lb-0.985-1.025-1.000.cf-38
0  2  0 
0.000  0.000  0.000  0.000  0.000 
-5.483  -5.384  0.099  -0.082 
0.000  0.000  0.000  0.000 
0.290  0.128  0.000 
0.000 0.000 0.000 0.000 0.000 0.000 0.000 0.000 0.000 0.000 0.000 0.173 0.205 0.192 0.211 0.324 0.278 0.187 0.414 0.193 0.293
0.131 0.113 0.128 0.093 0.000 0.000 0.000 0.000 0.000 0.000 0.000 0.000 0.000 0.000 0.000 0.000 0.000 0.000 0.000
0 0 0 0 0 0 0 0 0 0 0 0 0 0 0 1 0 0 1 0 0
0 0 0 0 0 0 0 0 0 0 0 0 0 0 0 0 0 0 0

Pb92S79I26.lb-0.985-1.025-1.000.cf-39
0  0  0 
0.000  0.000  0.000  0.000  0.000 
0.000  0.000  0.000  0.000 
0.000  0.000  0.000  0.000 
0.115  0.102  0.000 
0.000 0.000 0.000 0.144 0.137 0.137 0.169 0.193 0.148 0.175 0.124 0.199 0.133 0.152 0.202 0.120 0.124 0.140 0.130 0.135 0.108
0.102 0.103 0.095 0.102 0.151 0.000 0.000 0.000 0.000 0.000 0.000 0.000 0.000 0.000 0.000 0.000 0.000 0.000 0.000
0 0 0 0 0 0 0 0 0 0 0 0 0 0 0 0 0 0 0 0 0
0 0 0 0 0 0 0 0 0 0 0 0 0 0 0 0 0 0 0

Pb92S79I26.lb-0.985-1.025-1.000.cf-40
0  0  0 
0.000  0.000  0.000  0.000  0.000 
0.000  0.000  0.000  0.000 
0.000  0.000  0.000  0.000 
0.133  0.118  0.000 
0.000 0.000 0.000 0.000 0.136 0.181 0.148 0.182 0.228 0.147 0.147 0.182 0.200 0.159 0.154 0.259 0.160 0.182 0.140 0.117 0.139
0.118 0.118 0.107 0.108 0.000 0.000 0.000 0.000 0.000 0.000 0.000 0.000 0.000 0.000 0.000 0.000 0.000 0.000 0.000
0 0 0 0 0 0 0 0 0 0 0 0 0 0 0 0 0 0 0 0 0
0 0 0 0 0 0 0 0 0 0 0 0 0 0 0 0 0 0 0

Pb92S79I26.lb-0.985-1.025-1.000.cf-41
0  0  0 
0.000  0.000  0.000  0.000  0.000 
0.000  0.000  0.000  0.000 
0.000  0.000  0.000  0.000 
0.169  0.165  0.000 
0.000 0.000 0.000 0.000 0.000 0.000 0.000 0.000 0.157 0.161 0.143 0.181 0.161 0.146 0.122 0.165 0.171 0.173 0.153 0.137 0.180
0.176 0.113 0.112 0.155 0.000 0.000 0.000 0.000 0.000 0.000 0.000 0.000 0.000 0.000 0.000 0.000 0.000 0.000 0.000
0 0 0 0 0 0 0 0 0 0 0 0 0 0 0 0 0 0 0 0 0
0 0 0 0 0 0 0 0 0 0 0 0 0 0 0 0 0 0 0

Pb92S79I26.lb-0.985-1.025-1.000.cf-42
0  5  1 
0.000  0.000  0.000  0.000  0.000 
-5.632  -5.378  0.253  0.064 
-4.357  -4.357  0.000  0.129 
0.450  0.221  0.000 
0.000 0.000 0.000 0.000 0.000 0.000 0.000 0.239 0.286 0.203 0.250 0.334 0.372 0.238 0.255 0.396 0.230 0.346 0.169 0.256 0.479
0.222 0.127 0.117 0.118 0.000 0.000 0.000 0.000 0.000 0.000 0.000 0.000 0.000 0.000 0.000 0.000 0.000 0.000 0.000
0 0 0 0 0 0 0 0 0 0 0 1 1 0 0 1 0 1 0 0 1
1 0 0 0 0 0 0 0 0 0 0 0 0 0 0 0 0 0 0

Pb92S79I26.lb-0.985-1.025-1.000.cf-43
0  2  0 
0.000  0.000  0.000  0.000  0.000 
-5.489  -5.377  0.112  0.044 
0.000  0.000  0.000  0.000 
0.336  0.112  0.000 
0.000 0.000 0.000 0.000 0.000 0.000 0.181 0.188 0.190 0.272 0.150 0.231 0.152 0.248 0.215 0.258 0.492 0.195 0.210 0.278 0.377
0.111 0.121 0.095 0.109 0.143 0.000 0.000 0.000 0.000 0.000 0.000 0.000 0.000 0.000 0.000 0.000 0.000 0.000 0.000
0 0 0 0 0 0 0 0 0 0 0 0 0 0 0 0 1 0 0 0 1
0 0 0 0 0 0 0 0 0 0 0 0 0 0 0 0 0 0 0

Pb92S79I26.lb-0.985-1.025-1.000.cf-44
0  0  0 
0.000  0.000  0.000  0.000  0.000 
0.000  0.000  0.000  0.000 
0.000  0.000  0.000  0.000 
0.154  0.127  0.000 
0.000 0.000 0.000 0.000 0.000 0.000 0.129 0.126 0.134 0.154 0.141 0.143 0.170 0.200 0.162 0.125 0.194 0.124 0.129 0.118 0.173
0.128 0.104 0.142 0.121 0.000 0.000 0.000 0.000 0.000 0.000 0.000 0.000 0.000 0.000 0.000 0.000 0.000 0.000 0.000
0 0 0 0 0 0 0 0 0 0 0 0 0 0 0 0 0 0 0 0 0
0 0 0 0 0 0 0 0 0 0 0 0 0 0 0 0 0 0 0

Pb92S79I26.lb-0.985-1.025-1.000.cf-45
0  5  0 
0.000  0.000  0.000  0.000  0.000 
-5.664  -5.384  0.280  0.217 
0.000  0.000  0.000  0.000 
0.625  0.123  0.000 
0.000 0.000 0.000 0.000 0.000 0.000 0.000 0.000 0.000 0.000 0.000 0.000 0.000 0.419 0.282 0.287 0.294 0.321 0.483 0.448 0.627
0.116 0.135 0.108 0.148 0.160 0.000 0.000 0.000 0.000 0.000 0.000 0.000 0.000 0.000 0.000 0.000 0.000 0.000 0.000
0 0 0 0 0 0 0 0 0 0 0 0 0 1 0 0 0 1 1 1 1
0 0 0 0 0 0 0 0 0 0 0 0 0 0 0 0 0 0 0

Pb92S79I26.lb-0.985-1.025-1.000.cf-46
0  8  0 
0.000  0.000  0.000  0.000  0.000 
-5.700  -5.413  0.286  0.039 
0.000  0.000  0.000  0.000 
0.403  0.190  0.000 
0.000 0.000 0.000 0.000 0.000 0.000 0.182 0.321 0.244 0.235 0.316 0.441 0.253 0.382 0.350 0.351 0.311 0.309 0.197 0.204 0.495
0.194 0.149 0.107 0.108 0.000 0.000 0.000 0.000 0.000 0.000 0.000 0.000 0.000 0.000 0.000 0.000 0.000 0.000 0.000
0 0 0 0 0 0 0 1 0 0 1 1 0 1 1 1 1 0 0 0 1
0 0 0 0 0 0 0 0 0 0 0 0 0 0 0 0 0 0 0

Pb92S79I26.lb-0.985-1.025-1.000.cf-47
0  0  0 
0.000  0.000  0.000  0.000  0.000 
0.000  0.000  0.000  0.000 
0.000  0.000  0.000  0.000 
0.163  0.179  0.000 
0.000 0.000 0.000 0.000 0.000 0.000 0.000 0.000 0.161 0.145 0.167 0.183 0.167 0.181 0.181 0.131 0.128 0.115 0.131 0.171 0.165
0.184 0.120 0.127 0.105 0.000 0.000 0.000 0.000 0.000 0.000 0.000 0.000 0.000 0.000 0.000 0.000 0.000 0.000 0.000
0 0 0 0 0 0 0 0 0 0 0 0 0 0 0 0 0 0 0 0 0
0 0 0 0 0 0 0 0 0 0 0 0 0 0 0 0 0 0 0

Pb92S79I26.lb-0.985-1.025-1.000.cf-48
0  1  1 
0.000  0.000  0.000  0.000  0.000 
-5.439  -5.439  0.000  -0.103 
-4.298  -4.298  0.000  0.142 
0.167  0.222  0.000 
0.000 0.000 0.000 0.000 0.000 0.000 0.234 0.128 0.125 0.178 0.193 0.144 0.174 0.141 0.164 0.273 0.431 0.236 0.176 0.169 0.155
0.223 0.153 0.155 0.113 0.000 0.000 0.000 0.000 0.000 0.000 0.000 0.000 0.000 0.000 0.000 0.000 0.000 0.000 0.000
0 0 0 0 0 0 0 0 0 0 0 0 0 0 0 0 1 0 0 0 0
1 0 0 0 0 0 0 0 0 0 0 0 0 0 0 0 0 0 0

Pb92S79I26.lb-0.985-1.025-1.000.cf-49
0  5  0 
0.000  0.000  0.000  0.000  0.000 
-5.444  -5.153  0.291  0.314 
0.000  0.000  0.000  0.000 
0.639  0.144  0.000 
0.000 0.000 0.000 0.000 0.000 0.000 0.000 0.000 0.000 0.000 0.000 0.000 0.000 0.000 0.000 0.000 0.311 0.350 0.394 0.487 0.639
0.148 0.103 0.103 0.123 0.000 0.000 0.000 0.000 0.000 0.000 0.000 0.000 0.000 0.000 0.000 0.000 0.000 0.000 0.000
0 0 0 0 0 0 0 0 0 0 0 0 0 0 0 0 1 1 1 1 1
0 0 0 0 0 0 0 0 0 0 0 0 0 0 0 0 0 0 0

Pb92S79I26.lb-0.985-1.025-1.000.cf-50
0  7  0 
0.000  0.000  0.000  0.000  0.000 
-5.600  -5.328  0.272  0.076 
0.000  0.000  0.000  0.000 
0.592  0.184  0.000 
0.000 0.000 0.000 0.000 0.000 0.000 0.000 0.000 0.000 0.000 0.333 0.337 0.222 0.347 0.536 0.340 0.390 0.234 0.202 0.298 0.629
0.185 0.161 0.126 0.112 0.000 0.000 0.000 0.000 0.000 0.000 0.000 0.000 0.000 0.000 0.000 0.000 0.000 0.000 0.000
0 0 0 0 0 0 0 0 0 0 1 1 0 1 1 1 1 0 0 0 1
0 0 0 0 0 0 0 0 0 0 0 0 0 0 0 0 0 0 0

